MIC_NUM: 6
MIC_COORD:[0.035,0,0];[0.0175,-0.03031,0];[-0.0175,-0.03031,0];[-0.035,0,0];[-0.0175,0.03031,0];[0.0175,0.03031,0]
REF_CH: 2
WAKEUP_MIC_INDEX: 0